0
0
0
0
0
0
0
0
0
0
0
1.28492e-319
3.12061e-302
4.71329e-287
9.40734e-274
4.50989e-262
8.40649e-252
9.03483e-243
7.75929e-235
6.99922e-228
8.357e-222
1.60901e-216
5.9202e-212
4.82285e-208
9.89044e-205
5.71473e-202
1.02756e-199
6.2796e-198
1.41079e-196
1.24999e-195
4.65232e-195
7.69944e-195
5.96523e-195
2.26707e-195
4.41003e-196
4.56483e-197
2.60527e-198
8.47024e-200
1.61655e-201
1.8619e-203
1.3277e-205
6.00215e-208
1.7584e-210
3.4072e-213
4.45045e-216
3.98873e-219
2.49391e-222
1.10476e-225
3.51804e-229
8.16377e-233
1.39827e-236
1.78906e-240
1.72947e-244
1.27671e-248
7.27018e-253
3.22406e-257
1.12353e-261
3.10307e-266
6.84759e-271
1.21662e-275
1.75311e-280
